1940.4432373046875
1941.413330078125
1944.948486328125
1934.568115234375
1936.191650390625
1935.6502685546875
1916.5692138671875
1908.5784912109375
1919.58447265625
1940.071533203125
2234.89208984375
2230.586669921875
2233.30126953125
2211.8115234375
2221.22509765625
2230.39892578125
2234.644287109375
2237.3203125
2240.9150390625
2237.663330078125
1980.646484375
1980.794921875
1972.359375
1973.7962646484375
1977.326171875
1976.459716796875
1973.09375
1976.13818359375
1978.07275390625
1979.2823486328125
1991.358154296875
1998.123046875
2002.023193359375
2008.98486328125
2006.044677734375
2007.3143310546875
2009.6181640625
2012.326904296875
2010.1920166015625
2013.3388671875
1898.1180419921875
1900.194091796875
1899.50439453125
1898.1102294921875
1901.1707763671875
1904.655029296875
1899.3587646484375
1895.1361083984375
1894.68017578125
1896.115966796875
2008.9918212890625
2008.910888671875
2011.003662109375
2009.94091796875
2013.0703125
2012.294189453125
2013.711181640625
2012.1268310546875
2015.041259765625
2014.28857421875
2059.9892578125
2051.361572265625
2071.208740234375
2077.567626953125
2078.39599609375
2098.79150390625
2089.79052734375
2084.74658203125
2056.40478515625
2065.373291015625
1861.8096923828125
1861.6455078125
1863.28369140625
1862.564453125
1863.2965087890625
1865.168701171875
1864.25830078125
1863.9427490234375
1864.434326171875
1866.658447265625
2081.250732421875
2080.928466796875
2076.49609375
2084.1328125
2089.585205078125
2086.2265625
2086.07958984375
2088.232666015625
2086.23095703125
2088.49609375
1985.402587890625
1986.958984375
2000.81884765625
1997.4072265625
2003.12158203125
2006.66552734375
2008.3548583984375
2004.56201171875
2004.8538818359375
2005.2779541015625
2030.33056640625
2029.757080078125
2028.76220703125
2028.2342529296875
2029.0006103515625
2029.5428466796875
2029.633544921875
2029.7725830078125
2029.249267578125
2028.35498046875
2019.4287109375
2019.927001953125
2019.97998046875
2020.5654296875
2020.314453125
2020.41943359375
2020.262939453125
2020.33544921875
2021.5731201171875
2020.72509765625
1944.0606689453125
1944.762451171875
1944.379638671875
1942.67578125
1940.6761474609375
1933.912353515625
1926.930908203125
1931.844482421875
1934.39697265625
1929.8726806640625
1968.0467529296875
1972.6893310546875
1979.4757080078125
1981.475830078125
1987.7821044921875
1992.39013671875
1994.26318359375
1995.382080078125
2000.0849609375
1999.0064697265625
1920.1895751953125
1913.626220703125
1911.927001953125
1904.256591796875
1894.876953125
1902.37060546875
1911.260009765625
1912.39306640625
1913.2850341796875
1913.82373046875
1878.1884765625
1881.716796875
1880.0296630859375
1878.450439453125
1881.1815185546875
1876.27001953125
1870.9078369140625
1870.4281005859375
1869.985595703125
1870.658203125
1759.057861328125
1754.30322265625
1746.6802978515625
1709.1759033203125
1597.013427734375
1650.3277587890625
1631.341552734375
1693.23974609375
1712.4757080078125
1660.086181640625
1881.5849609375
1922.685791015625
1850.962890625
1906.2127685546875
1931.80517578125
1913.1575927734375
1901.805908203125
1884.6749267578125
1911.4482421875
1942.59033203125
1891.656982421875
1868.635009765625
1873.8961181640625
1823.82373046875
1850.3997802734375
1826.179931640625
1865.8228759765625
1814.84912109375
1794.9678955078125
1849.105712890625
1883.4501953125
1920.669921875
1975.7791748046875
1985.32666015625
1993.710205078125
2005.6884765625
2015.13525390625
2008.96240234375
2002.03271484375
1984.7569580078125
1964.265625
1972.29638671875
1969.11328125
1967.475341796875
1965.725830078125
1975.9388427734375
1988.146240234375
1984.813232421875
1977.066162109375
1990.126708984375
1955.013427734375
1950.4208984375
1953.398193359375
1957.2816162109375
1960.113525390625
1954.462890625
1952.98974609375
1942.1016845703125
1938.1806640625
1940.02880859375
1740.62109375
1728.1639404296875
1734.304443359375
1745.9647216796875
1751.837890625
1756.022216796875
1758.280517578125
1756.013916015625
1755.745849609375
1760.40673828125
2109.536376953125
2107.402587890625
2110.76318359375
2104.561279296875
2102.498779296875
2109.84130859375
2109.70751953125
2100.81396484375
2095.990234375
2092.560791015625
2091.40576171875
2058.477294921875
2115.63427734375
2133.465087890625
2137.15673828125
2118.742919921875
2115.142822265625
2130.454345703125
2150.829345703125
2150.0244140625
1996.737060546875
1994.622802734375
1985.697998046875
1953.40283203125
1959.3505859375
1939.80126953125
1884.6507568359375
1850.4891357421875
1826.0926513671875
1862.957275390625
1879.101806640625
1863.2572021484375
1788.2623291015625
1831.21435546875
1682.269775390625
1760.16796875
1840.8248291015625
1822.2083740234375
1848.7205810546875
1877.1669921875
1897.4180908203125
1944.30322265625
1945.818115234375
1901.6351318359375
1873.1129150390625
1894.0516357421875
1868.036865234375
1796.35302734375
1762.989501953125
1786.68701171875
1649.7091064453125
1774.895751953125
1863.10791015625
1928.807861328125
1906.8060302734375
1906.143310546875
1940.341796875
1915.9046630859375
1886.6710205078125
1936.58251953125
1953.100830078125
1944.6260986328125
1964.661376953125
1971.9188232421875
1976.488037109375
1982.96923828125
1987.670166015625
1976.616455078125
1979.88427734375
1960.946044921875
1990.69775390625
1995.5048828125
1991.5546875
1999.28125
2005.9693603515625
2005.69775390625
2006.053466796875
2007.490234375
2006.99658203125
1992.9451904296875
2014.990478515625
2030.2679443359375
2026.5882568359375
2024.80712890625
2027.8585205078125
2014.112548828125
2026.994873046875
2021.46826171875
2028.2564697265625
2025.91357421875
2165.86083984375
2176.083984375
2176.0908203125
2176.707763671875
2179.0546875
2177.797607421875
2178.98828125
2178.17333984375
2177.5517578125
2173.33154296875
1933.49072265625
1931.7100830078125
1930.954833984375
1931.61669921875
1931.80517578125
1928.557373046875
1929.1031494140625
1930.2203369140625
1929.989501953125
1934.026123046875
2019.646240234375
2017.82470703125
2017.683349609375
2020.9791259765625
2018.6485595703125
2019.235107421875
2010.243896484375
2018.5533447265625
2015.70166015625
2021.9599609375
2167.800537109375
2170.12744140625
2171.8251953125
2167.8525390625
2163.593505859375
2164.75732421875
2166.830810546875
2176.811767578125
2178.44873046875
2182.2666015625
2131.75146484375
2131.56787109375
2128.351318359375
2119.682861328125
2122.964599609375
2123.458740234375
2126.6875
2130.39453125
2129.512451171875
2128.4580078125
2011.758056640625
1969.4727783203125
1938.86865234375
1960.563720703125
1995.1475830078125
2007.4295654296875
2009.087646484375
2009.2021484375
2013.114990234375
2012.4935302734375
1997.9818115234375
1999.221435546875
2002.067138671875
2003.1376953125
2005.7607421875
2006.53515625
2009.29296875
2006.65625
2006.879150390625
2006.7791748046875
1979.995849609375
1979.6199951171875
1980.23876953125
1979.831787109375
1980.453369140625
1980.330810546875
1980.4324951171875
1978.748046875
1978.856689453125
1979.8001708984375
2209.451416015625
2209.29248046875
2209.03955078125
2208.37060546875
2208.392578125
2208.250732421875
2208.239990234375
2208.338623046875
2209.161376953125
2209.655029296875
2037.3623046875
2041.2271728515625
2036.21728515625
2038.7225341796875
2039.98486328125
2034.466064453125
2039.26416015625
2044.61474609375
2050.1796875
2027.72509765625
2038.6160888671875
2034.029296875
2030.5667724609375
2035.8460693359375
2057.026611328125
2058.02685546875
2053.9931640625
2040.367919921875
2048.074951171875
2019.87744140625
2176.756103515625
2180.615966796875
2181.4990234375
2180.09228515625
2179.4775390625
2180.88330078125
2182.888671875
2177.18359375
2179.544921875
2174.46142578125
2021.42431640625
2021.39990234375
2021.7626953125
2020.3994140625
2021.040771484375
2016.636474609375
2016.1636962890625
2014.1353759765625
2014.6417236328125
2011.5196533203125
2086.39013671875
2086.763916015625
2087.062255859375
2086.30078125
2088.35107421875
2087.175048828125
2087.6787109375
2086.2626953125
2085.574951171875
2085.9248046875
2209.16064453125
2202.086669921875
2195.495849609375
2184.316162109375
2199.588134765625
2206.33154296875
2214.812255859375
2210.76611328125
2203.360595703125
2206.15234375
2092.59912109375
2093.0908203125
2095.278564453125
2094.7275390625
2097.973876953125
2098.69580078125
2099.79345703125
2099.797607421875
2100.124267578125
2100.940185546875
2198.216796875
2194.525146484375
2191.875
2193.986572265625
2198.29833984375
2208.68603515625
2211.58203125
2214.613037109375
2210.93017578125
2216.41064453125
2108.338623046875
2109.1123046875
2108.93310546875
2109.171630859375
2110.36376953125
2110.68212890625
2109.787109375
2109.958740234375
2108.232177734375
2106.796875
uneq_res_skip_cond_ftse_regression_step_predict: 98.89800438409374
1963.0193
1998.3917
2035.483
2045.1418
2098.0059
2109.5894
2117.7515
2124.3833
2192.1245
2209.5767
2217.0364
2224.3008
2228.3015
2233.6797
2236.201
2237.4314
2252.4736
2256.9995
2259.2202
2261.2144
2261.998
2263.7026
2264.7686
2265.3528
2265.0186
2267.2446
2268.295
2268.7356
2269.1094
2269.346
2269.6184
2269.797
2269.9014
2270.2134
2270.4858
2270.6182
2270.7227
2270.788
2270.853
2270.907
2270.9387
2270.9238
2270.9731
2271.021
2271.046
2271.0576
2271.0674
2271.0781
2271.087
2271.0894
2271.0938
2271.1025
2271.109
2271.1128
2271.115
2271.1172
2271.1194
2271.1206
2271.1199
2271.1208
2271.1226
2271.1235
2271.1238
2271.124
2271.1245
2271.125
2271.125
2271.125
2271.1252
2271.1255
2271.1255
2271.1255
2271.1257
2271.1257
2271.126
2271.126
2271.126
2271.126
2271.126
2271.126
2271.126
2271.126
2271.126
2271.126
2271.126
2271.126
2271.126
2271.126
2271.126
2271.126
2271.126
2271.126
2271.126
2271.126
2271.126
2271.126
2271.126
2271.126
2271.126
2271.126
2271.126
2271.126
2271.126
2271.126
2271.126
2271.126
2271.126
2271.126
2271.126
2271.126
2271.126
2271.126
2271.126
2271.126
2271.126
2271.1262
2271.126
2271.126
2271.126
2271.126
2271.126
2271.126
2271.126
2271.126
2271.126
2271.1262
2271.126
2271.1262
2271.126
2271.1262
2271.126
2271.126
2271.1262
2271.126
2271.1262
2271.126
2271.126
2271.1262
2271.126
2271.1262
2271.1262
2271.126
2271.1262
2271.1262
2271.1262
2271.126
2271.126
2271.126
2271.1262
2271.1262
2271.126
2271.1262
2271.126
2271.126
2271.126
2271.126
2271.1262
2271.126
2271.1262
2271.126
2271.1262
2271.126
2271.126
2271.126
2271.126
2271.126
2271.126
2271.1262
2271.1262
2271.126
2271.1262
2271.1262
2271.126
2271.126
2271.126
2271.126
2271.126
2271.126
2271.126
2271.126
2271.126
2271.126
2271.126
2271.1262
2271.1262
2271.126
2271.1262
2271.126
2271.1262
2271.126
2271.126
2271.1262
2271.1262
2271.1262
2271.1262
2271.1262
2271.1262
2271.1262
2271.126
2271.126
2271.126
2271.126
2271.126
2271.126
2271.126
2271.1262
2271.1262
2271.1262
2271.1262
2271.126
2271.1262
2271.126
2271.126
2271.126
2271.126
2271.126
2271.126
2271.1262
2271.1262
2271.126
2271.126
2271.126
2271.126
2271.1262
2271.1262
2271.126
2271.126
2271.126
2271.126
2271.126
2271.126
2271.126
2271.126
2271.126
2271.126
2271.126
2271.126
2271.126
2271.126
2271.126
2271.126
2271.1262
2271.126
2271.1262
2271.126
2271.126
2271.126
2271.126
2271.1262
2271.126
2271.126
2271.126
2271.126
2271.126
2271.126
2271.1262
2271.126
2271.126
2271.126
2271.1262
2271.126
2271.126
2271.126
2271.126
2271.126
2271.126
2271.126
2271.126
2271.126
2271.126
2271.126
2271.1262
2271.126
2271.126
2271.1262
2271.1262
2271.1262
2271.1262
2271.126
2271.1262
2271.1262
2271.126
2271.126
2271.126
2271.126
2271.126
2271.1262
2271.1262
2271.126
2271.126
2271.126
2271.1262
2271.1262
2271.126
2271.1262
2271.1262
2271.1262
2271.126
2271.126
2271.126
2271.1262
2271.1262
2271.126
2271.126
2271.126
2271.1262
2271.1262
2271.126
2271.1262
2271.1262
2271.1262
2271.126
2271.126
2271.126
2271.1262
2271.1262
2271.126
2271.1262
2271.1262
2271.1262
2271.126
2271.1262
2271.1262
2271.126
2271.126
2271.126
2271.126
2271.126
2271.126
2271.1262
2271.126
2271.126
2271.126
2271.126
2271.126
2271.126
2271.126
2271.126
2271.126
2271.126
2271.126
2271.126
2271.126
2271.126
2271.126
2271.126
2271.126
2271.126
2271.126
2271.126
2271.126
2271.126
2271.126
2271.1262
2271.126
2271.126
2271.126
2271.126
2271.126
2271.126
2271.126
2271.126
2271.126
2271.1262
2271.126
2271.126
2271.126
2271.1262
2271.1262
2271.126
2271.1262
2271.126
2271.126
2271.126
2271.126
2271.1262
2271.126
2271.1262
2271.1262
2271.126
2271.126
2271.126
2271.126
2271.1262
2271.1262
2271.1262
2271.126
2271.126
2271.126
2271.126
2271.126
2271.126
2271.126
2271.126
2271.126
2271.126
2271.126
2271.126
2271.126
2271.126
2271.126
2271.126
2271.126
2271.1262
2271.1262
2271.1262
2271.1262
2271.126
2271.126
2271.126
2271.126
2271.126
2271.126
2271.126
2271.126
2271.126
2271.126
2271.126
2271.126
2271.1262
2271.126
2271.126
2271.126
2271.126
2271.126
2271.126
2271.126
2271.126
2271.126
2271.126
2271.126
2271.126
2271.126
2271.126
2271.126
2271.126
2271.126
2271.126
2271.126
2271.1262
2271.126
2271.1262
2271.126
2271.1262
2271.1262
2271.1262
2271.1262
2271.1262
2271.126
2271.1262
2271.126
2271.126
2271.126
2271.126
2271.126
2271.1262
2271.126
2271.1262
2271.1262
2271.1262
2271.1262
2271.1262
2271.126
2271.1262
2271.126
2271.126
2271.126
2271.126
2271.1262
2271.1262
2271.1262
2271.126
2271.126
2271.126
2271.126
2271.1262
2271.1262
2271.1262
2271.1262
2271.1262
2271.126
2271.1262
2271.126
2271.126
2271.126
2271.126
2271.1262
2271.126
2271.1262
2271.126
2271.126
2271.126
2271.126
2271.1262
2271.126
2271.126
2271.126
2271.1262
2271.1262
2271.126
uneq_res_skip_cond_ftse_regression_step_generate: 190.32762551678124
