66.0
66.0
66.0
66.0
66.0
66.0
66.0
66.0
66.0
66.0
66.0
66.0
66.0
66.0
66.0
66.0
66.0
66.0
66.0
66.0
67.0
67.0
67.0
67.0
67.0
67.0
67.0
67.0
67.0
67.0
68.0
68.0
68.0
68.0
68.0
68.0
68.0
68.0
68.0
68.0
68.0
68.0
68.0
68.0
68.0
68.0
68.0
68.0
68.0
68.0
68.0
68.0
68.0
68.0
68.0
68.0
70.0
68.0
70.0
70.0
68.0
68.0
68.0
68.0
68.0
68.0
68.0
68.0
68.0
68.0
68.0
68.0
68.0
68.0
68.0
68.0
68.0
68.0
68.0
68.0
68.0
68.0
68.0
68.0
68.0
68.0
68.0
68.0
68.0
68.0
68.0
68.0
68.0
68.0
68.0
68.0
68.0
68.0
68.0
68.0
70.0
70.0
70.0
70.0
70.0
70.0
70.0
70.0
70.0
70.0
70.0
70.0
70.0
70.0
70.0
70.0
70.0
70.0
70.0
70.0
66.0
66.0
66.0
66.0
66.0
66.0
66.0
66.0
66.0
66.0
65.0
65.0
65.0
65.0
65.0
71.0
71.0
71.0
71.0
71.0
76.0
76.0
76.0
76.0
76.0
76.0
76.0
76.0
76.0
76.0
66.0
66.0
66.0
66.0
66.0
66.0
66.0
66.0
66.0
66.0
76.0
76.0
76.0
67.0
67.0
67.0
67.0
67.0
76.0
67.0
75.0
75.0
75.0
75.0
75.0
75.0
75.0
75.0
75.0
75.0
66.0
62.0
62.0
62.0
62.0
62.0
62.0
62.0
62.0
62.0
66.0
65.0
65.0
65.0
65.0
65.0
76.0
76.0
76.0
76.0
65.0
65.0
65.0
65.0
65.0
65.0
65.0
65.0
65.0
65.0
67.0
65.0
67.0
67.0
67.0
67.0
65.0
65.0
65.0
65.0
66.0
66.0
66.0
66.0
66.0
66.0
75.0
75.0
75.0
75.0
75.0
75.0
75.0
75.0
75.0
75.0
75.0
75.0
75.0
75.0
65.0
65.0
65.0
65.0
65.0
65.0
65.0
65.0
65.0
65.0
68.0
68.0
68.0
68.0
68.0
68.0
68.0
68.0
68.0
68.0
64.0
64.0
64.0
60.0
60.0
60.0
64.0
64.0
60.0
60.0
62.0
62.0
62.0
62.0
62.0
62.0
62.0
62.0
62.0
62.0
61.0
61.0
61.0
61.0
61.0
61.0
61.0
61.0
61.0
68.0
68.0
68.0
68.0
68.0
68.0
68.0
68.0
68.0
68.0
68.0
65.0
65.0
65.0
65.0
65.0
65.0
65.0
65.0
65.0
65.0
72.0
72.0
72.0
72.0
72.0
72.0
72.0
72.0
72.0
72.0
68.0
68.0
68.0
68.0
68.0
68.0
68.0
68.0
68.0
68.0
75.0
75.0
75.0
75.0
75.0
75.0
75.0
75.0
75.0
75.0
67.0
67.0
67.0
67.0
67.0
67.0
67.0
67.0
67.0
67.0
75.0
75.0
75.0
75.0
75.0
75.0
75.0
75.0
75.0
75.0
70.0
70.0
70.0
70.0
70.0
70.0
70.0
70.0
70.0
70.0
72.0
72.0
72.0
72.0
72.0
72.0
72.0
72.0
72.0
72.0
66.0
70.0
70.0
70.0
70.0
70.0
70.0
70.0
70.0
70.0
72.0
72.0
72.0
72.0
72.0
72.0
72.0
72.0
72.0
72.0
74.0
74.0
74.0
74.0
74.0
74.0
74.0
74.0
74.0
74.0
78.0
78.0
78.0
78.0
78.0
78.0
78.0
78.0
78.0
78.0
78.0
78.0
78.0
78.0
78.0
78.0
78.0
78.0
78.0
78.0
76.0
76.0
76.0
76.0
76.0
76.0
76.0
76.0
76.0
76.0
78.0
78.0
78.0
78.0
78.0
78.0
78.0
78.0
78.0
78.0
78.0
78.0
78.0
78.0
78.0
78.0
78.0
78.0
78.0
78.0
78.0
78.0
78.0
78.0
78.0
78.0
78.0
78.0
78.0
78.0
78.0
78.0
78.0
78.0
78.0
78.0
78.0
78.0
78.0
78.0
78.0
78.0
78.0
78.0
78.0
78.0
78.0
78.0
78.0
78.0
77.0
77.0
77.0
77.0
77.0
77.0
77.0
77.0
77.0
77.0
uneq_res_skip_step_predict: 3.78
68
67
68
67
70
68
68
68
70
64
64
68
64
68
64
64
66
66
66
66
66
66
66
66
66
66
66
66
66
66
66
66
66
66
66
66
66
66
66
66
66
66
66
66
66
66
66
66
66
66
66
66
66
66
66
66
66
66
66
66
66
66
66
66
66
66
66
66
66
66
66
66
66
66
66
66
66
66
66
66
66
66
66
66
66
66
66
66
66
66
66
66
66
66
66
66
66
66
66
66
66
66
66
66
66
66
66
66
66
66
66
66
66
66
66
66
66
66
66
66
66
66
66
66
66
66
66
66
66
66
66
66
66
66
66
66
66
66
66
66
66
66
66
66
66
66
66
66
66
66
66
66
66
66
66
66
66
66
66
66
66
66
66
66
66
66
66
66
66
66
66
66
66
66
66
66
66
66
66
66
66
66
66
66
66
66
66
66
66
66
66
66
66
66
66
66
66
66
66
66
66
66
66
66
66
66
66
66
66
66
66
66
66
66
66
66
66
66
66
66
66
66
66
66
66
66
66
66
66
66
66
66
66
66
66
66
66
66
66
66
66
66
66
66
66
66
66
66
66
66
66
66
66
66
66
66
66
66
66
66
66
66
66
66
66
66
66
66
66
66
66
66
66
66
66
66
66
66
66
66
66
66
66
66
66
66
66
66
66
66
66
66
66
66
66
66
66
66
66
66
66
66
66
66
66
66
66
66
66
66
66
66
66
66
66
66
66
66
66
66
66
66
66
66
66
66
66
66
66
66
66
66
66
66
66
66
66
66
66
66
66
66
66
66
66
66
66
66
66
66
66
66
66
66
66
66
66
66
66
66
66
66
66
66
66
66
66
66
66
66
66
66
66
66
66
66
66
66
66
66
66
66
66
66
66
66
66
66
66
66
66
66
66
66
66
66
66
66
66
66
66
66
66
66
66
66
66
66
66
66
66
66
66
66
66
66
66
66
66
66
66
66
66
66
66
66
66
66
66
66
66
66
66
66
66
66
66
66
66
66
66
66
66
66
66
66
66
66
66
66
66
66
66
66
66
66
66
66
66
66
66
66
66
66
66
66
66
66
66
66
66
66
66
66
66
66
66
66
66
66
66
66
66
66
66
66
66
66
66
66
66
66
66
66
66
66
66
66
66
66
uneq_res_skip_step_generate: 6.904
