1846.389404296875
1847.584716796875
1847.8974609375
1848.0224609375
1845.6685791015625
1839.0865478515625
1830.315185546875
1818.45703125
1815.9061279296875
1822.7003173828125
1871.70263671875
1871.6572265625
1868.376220703125
1868.62353515625
1862.5177001953125
1861.768798828125
1862.88427734375
1866.273681640625
1864.1065673828125
1864.712890625
1948.21337890625
1950.636474609375
1939.18310546875
1932.0599365234375
1922.9495849609375
1926.6866455078125
1943.5245361328125
1947.440673828125
1963.36572265625
1957.6015625
1803.9981689453125
1805.67578125
1806.749267578125
1810.349609375
1812.12548828125
1813.324462890625
1814.202880859375
1814.196044921875
1814.7545166015625
1815.680419921875
1889.761962890625
1889.4730224609375
1890.1009521484375
1889.64501953125
1890.3646240234375
1890.1083984375
1889.38818359375
1889.211181640625
1885.0400390625
1886.199951171875
2087.87451171875
2079.194091796875
2080.479736328125
2072.863525390625
2083.6318359375
2080.232177734375
2095.626220703125
2087.6025390625
2098.7939453125
2098.84521484375
1896.09228515625
1890.915771484375
1888.215087890625
1889.3194580078125
1891.117919921875
1888.42822265625
1886.727783203125
1887.77099609375
1889.3885498046875
1892.23095703125
1968.524169921875
1968.281494140625
1972.568115234375
1979.4178466796875
1985.96533203125
1991.45751953125
1986.744384765625
1987.816162109375
1987.701171875
1996.161865234375
1887.353759765625
1890.45068359375
1890.47021484375
1892.494140625
1893.026123046875
1889.9349365234375
1888.350830078125
1887.34033203125
1887.169189453125
1887.241943359375
1792.7894287109375
1793.654296875
1793.9290771484375
1794.2991943359375
1795.998779296875
1796.18212890625
1796.772216796875
1795.96630859375
1796.3841552734375
1797.501708984375
1982.5782470703125
1980.479736328125
1982.22119140625
1981.806640625
1980.55859375
1979.27001953125
1980.7867431640625
1981.271240234375
1979.28515625
1977.353515625
1829.525146484375
1829.2200927734375
1831.51904296875
1832.6033935546875
1831.6114501953125
1830.0758056640625
1830.6414794921875
1827.365234375
1828.1998291015625
1827.888671875
2055.94384765625
2057.24609375
2056.500732421875
2055.061279296875
2054.95361328125
2051.68701171875
2050.90771484375
2052.23388671875
2053.12890625
2052.128173828125
1894.814208984375
1891.343017578125
1891.0296630859375
1892.3560791015625
1895.688232421875
1897.06494140625
1897.555908203125
1899.0841064453125
1899.79052734375
1899.8524169921875
2044.82861328125
2044.06689453125
2045.012939453125
2043.984130859375
2042.251220703125
2042.06201171875
2042.463623046875
2042.52392578125
2042.05078125
2042.973876953125
2090.878173828125
2090.43115234375
2090.031494140625
2089.429443359375
2090.34814453125
2089.177734375
2088.25390625
2087.290283203125
2087.919921875
2089.96875
1882.58984375
1880.88623046875
1876.9478759765625
1867.9710693359375
1851.431640625
1837.8829345703125
1842.68505859375
1854.4556884765625
1862.51318359375
1851.92626953125
1964.687744140625
1963.828857421875
1953.0
1969.5595703125
1966.1116943359375
1970.4803466796875
1971.1669921875
1971.335205078125
1976.42919921875
1983.021484375
1935.345458984375
1930.2342529296875
1931.8740234375
1925.177978515625
1920.41064453125
1912.943115234375
1911.746826171875
1895.1734619140625
1886.9219970703125
1894.423095703125
2159.009765625
2172.506591796875
2183.461669921875
2189.939208984375
2197.66650390625
2201.967529296875
2204.53125
2206.316650390625
2204.03466796875
2203.865966796875
1915.0872802734375
1918.998291015625
1921.743408203125
1921.1175537109375
1919.4375
1925.4169921875
1930.524169921875
1933.79150390625
1933.5440673828125
1938.202392578125
1819.666259765625
1817.7899169921875
1819.95751953125
1821.427001953125
1820.9761962890625
1821.359619140625
1821.4686279296875
1818.907958984375
1818.2613525390625
1817.673583984375
1954.151611328125
1950.94775390625
1952.3212890625
1952.248779296875
1955.798828125
1956.20703125
1958.12158203125
1957.7764892578125
1958.53564453125
1958.5521240234375
1966.71728515625
1965.7177734375
1967.988525390625
1965.543212890625
1963.2109375
1965.3199462890625
1964.5146484375
1962.631103515625
1960.944091796875
1960.879638671875
2097.398193359375
2096.13671875
2097.93994140625
2105.9140625
2097.39404296875
2087.048828125
2088.126708984375
2092.508544921875
2100.492919921875
2100.872802734375
1970.70947265625
1970.000732421875
1962.531494140625
1952.389404296875
1949.299560546875
1939.78857421875
1922.9892578125
1902.8192138671875
1901.2901611328125
1896.7850341796875
1960.666748046875
1959.0125732421875
1923.324462890625
1894.260498046875
1883.35986328125
1886.007568359375
1914.498779296875
1909.5703125
1929.6475830078125
1908.9293212890625
1816.289306640625
1820.981689453125
1840.95068359375
1832.653076171875
1841.7274169921875
1842.3197021484375
1828.505615234375
1808.2552490234375
1805.0955810546875
1807.78857421875
1949.0086669921875
1962.2598876953125
1958.963623046875
1984.4771728515625
1993.98193359375
2004.3116455078125
1989.287353515625
1975.237060546875
1966.25830078125
1977.3173828125
1891.69287109375
1892.766357421875
1907.497802734375
1922.9678955078125
1938.8955078125
1943.602294921875
1948.980224609375
1942.9013671875
1944.4361572265625
1947.216552734375
1904.94140625
1901.42138671875
1894.1812744140625
1903.74853515625
1921.679931640625
1925.37548828125
1919.5234375
1911.3892822265625
1903.89697265625
1905.4373779296875
1970.1767578125
1973.5615234375
1975.00439453125
1972.23193359375
1973.505859375
1964.392578125
1964.85205078125
1955.0111083984375
1960.45458984375
1961.52392578125
1888.203369140625
1891.73681640625
1894.56396484375
1895.3367919921875
1898.1016845703125
1902.463134765625
1902.807373046875
1901.743896484375
1902.239501953125
1903.1937255859375
2017.832275390625
2017.6102294921875
2016.78271484375
2015.0478515625
2012.94775390625
2010.3680419921875
2009.112548828125
2008.25048828125
2008.390869140625
2011.966552734375
2035.787109375
2037.1708984375
2025.0443115234375
2034.0093994140625
2031.163330078125
2039.985595703125
2035.92724609375
2034.703125
2030.067138671875
2047.093017578125
2062.2841796875
2063.66748046875
2063.849609375
2061.671630859375
2060.886962890625
2062.056396484375
2064.296142578125
2063.52197265625
2066.44140625
2066.794189453125
2043.079345703125
2042.465087890625
2039.782958984375
2034.42919921875
2035.654296875
2036.457275390625
2039.446044921875
2037.930908203125
2039.174560546875
2037.56640625
2394.87060546875
2338.399169921875
2251.384765625
2248.11669921875
2273.88916015625
2281.4404296875
2289.203369140625
2260.783447265625
2253.279296875
2250.70556640625
2207.042236328125
2218.99609375
2238.1787109375
2235.69921875
2249.364501953125
2242.656005859375
2246.99560546875
2239.6806640625
2246.73046875
2247.83837890625
2115.1064453125
2116.984130859375
2116.728271484375
2123.841552734375
2119.644287109375
2126.72119140625
2122.153076171875
2135.938720703125
2133.59716796875
2112.771484375
2183.19873046875
2182.94287109375
2183.0546875
2181.746826171875
2182.366943359375
2181.596923828125
2181.830810546875
2183.861572265625
2184.216064453125
2186.7548828125
2129.384033203125
2127.26513671875
2126.11865234375
2124.71044921875
2125.32861328125
2126.52197265625
2128.40283203125
2126.9365234375
2123.11474609375
2122.7763671875
2044.3837890625
2050.985107421875
2053.59765625
2053.12841796875
2050.955322265625
2057.914306640625
2055.422607421875
2056.868408203125
2067.505859375
2066.1953125
2195.08203125
2196.21240234375
2197.700439453125
2201.021728515625
2199.678955078125
2198.572021484375
2199.0087890625
2199.8515625
2200.7626953125
2201.8916015625
2074.861328125
2074.4970703125
2075.81640625
2074.13037109375
2074.36767578125
2068.13916015625
2067.736328125
2066.13623046875
2064.939697265625
2061.896484375
2180.224853515625
2183.78564453125
2183.095947265625
2181.431884765625
2185.38232421875
2183.463134765625
2182.528564453125
2176.08935546875
2173.8818359375
2173.921875
2154.76025390625
2147.17333984375
2146.732666015625
2144.960205078125
2155.495361328125
2167.148193359375
2179.458740234375
2189.22412109375
2192.564453125
2189.46533203125
2018.63671875
2019.0167236328125
2023.287841796875
2024.55517578125
2025.0093994140625
2026.9556884765625
2028.3197021484375
2029.7772216796875
2030.49072265625
2030.028564453125
2209.60302734375
2206.173583984375
2200.479248046875
2201.91259765625
2205.860107421875
2211.794677734375
2216.013916015625
2218.8291015625
2215.8916015625
2218.46484375
2134.70947265625
2134.38427734375
2134.9658203125
2134.783203125
2135.163818359375
2134.4833984375
2131.64794921875
2131.79248046875
2129.20556640625
2128.7255859375
uneq_res_skip_cond_gbp_regression_step_predict: 106.41174412378126
1725.9424
1716.3066
1681.9915
1599.2958
1551.1755
1485.2667
1420.2744
1363.8108
1292.3658
1196.0024
1091.8884
1012.7908
971.91187
953.30426
944.1107
940.13184
951.26434
953.1994
955.1465
956.61865
957.8956
958.3174
958.32837
957.66815
957.24475
956.1506
954.04474
952.0135
950.63715
949.8451
949.4031
949.1463
949.021
949.13947
949.0861
949.0834
949.0346
949.0343
949.03156
949.02924
949.0181
949.0249
949.0176
949.0038
948.9843
948.96765
948.9559
948.94855
948.944
948.94196
948.9421
948.93976
948.9383
948.9367
948.93604
948.93555
948.93536
948.9352
948.9353
948.9353
948.93506
948.9349
948.93463
948.93445
948.9343
948.9342
948.9342
948.93414
948.93396
948.934
948.93396
948.9339
948.93384
948.9339
948.9339
948.93384
948.9339
948.9339
948.9339
948.9339
948.9339
948.9339
948.9339
948.93384
948.9339
948.93384
948.93384
948.93384
948.93384
948.93384
948.93384
948.93384
948.93384
948.93384
948.9339
948.93384
948.93384
948.93384
948.93384
948.93384
948.93384
948.93384
948.93384
948.93384
948.93384
948.93384
948.93384
948.93384
948.93384
948.9339
948.93384
948.93384
948.9338
948.93384
948.93384
948.93384
948.93384
948.93384
948.93384
948.93384
948.93384
948.93384
948.93384
948.93384
948.93384
948.93384
948.93384
948.93384
948.93384
948.93384
948.93384
948.93384
948.93384
948.93384
948.93384
948.9338
948.93384
948.93384
948.93384
948.93384
948.93384
948.93384
948.93384
948.93384
948.93384
948.9339
948.93384
948.9339
948.93384
948.93384
948.93384
948.9339
948.9339
948.93384
948.93384
948.93384
948.93384
948.93384
948.93384
948.93384
948.93384
948.93384
948.93384
948.93384
948.93384
948.93384
948.93384
948.93384
948.93384
948.93384
948.93384
948.93384
948.93384
948.93384
948.93384
948.93384
948.93384
948.93384
948.93384
948.93384
948.93384
948.93384
948.93384
948.93384
948.93384
948.93384
948.93384
948.93384
948.93384
948.9339
948.93384
948.93384
948.93384
948.93384
948.93384
948.93384
948.93384
948.93384
948.93384
948.93384
948.93384
948.93384
948.93384
948.93384
948.93384
948.93384
948.93384
948.93384
948.93384
948.93384
948.93384
948.93384
948.93384
948.93384
948.93384
948.9339
948.93384
948.93384
948.93384
948.93384
948.93384
948.93384
948.9338
948.9339
948.93384
948.93384
948.93384
948.93384
948.93384
948.93384
948.9338
948.93384
948.93384
948.93384
948.9338
948.93384
948.93384
948.93384
948.93384
948.93384
948.93384
948.93384
948.93384
948.93384
948.93384
948.93384
948.93384
948.93384
948.93384
948.93384
948.93384
948.93384
948.9339
948.93384
948.93384
948.93384
948.93384
948.9339
948.93384
948.9339
948.93384
948.93384
948.93384
948.93384
948.93384
948.93384
948.93384
948.93384
948.93384
948.93384
948.93384
948.93384
948.93384
948.93384
948.93384
948.93384
948.93384
948.93384
948.93384
948.93384
948.93384
948.93384
948.93384
948.93384
948.93384
948.93384
948.93384
948.93384
948.93384
948.93384
948.93384
948.93384
948.93384
948.93384
948.9338
948.93384
948.93384
948.93384
948.93384
948.93384
948.93384
948.93384
948.93384
948.9339
948.93384
948.9339
948.9339
948.93384
948.93384
948.9339
948.93384
948.93396
948.93384
948.93384
948.93384
948.93384
948.93384
948.93384
948.93384
948.93384
948.9339
948.93384
948.93384
948.93384
948.93384
948.93384
948.93384
948.93384
948.9338
948.93384
948.93384
948.93384
948.93384
948.93384
948.93384
948.93384
948.93384
948.9339
948.93384
948.93384
948.93384
948.9339
948.93384
948.93384
948.93384
948.93384
948.93384
948.9338
948.9338
948.93384
948.93384
948.93384
948.93384
948.93384
948.93384
948.93384
948.9339
948.93384
948.93384
948.9339
948.93384
948.93384
948.93384
948.93384
948.93384
948.93384
948.93384
948.9339
948.93384
948.93384
948.93384
948.93384
948.93384
948.93384
948.93384
948.93384
948.9339
948.93384
948.93384
948.93384
948.93384
948.93384
948.93384
948.93384
948.93384
948.9338
948.93384
948.93384
948.93384
948.93384
948.93384
948.93384
948.93384
948.93384
948.9339
948.93384
948.93384
948.93384
948.93384
948.93384
948.93384
948.93384
948.93384
948.93384
948.93384
948.93384
948.93384
948.93384
948.93384
948.93384
948.93384
948.93384
948.93384
948.93384
948.93384
948.93384
948.93384
948.93384
948.93384
948.93384
948.93384
948.93384
948.93384
948.9338
948.93384
948.93384
948.93384
948.93384
948.93384
948.93384
948.93384
948.93384
948.9339
948.93384
948.93384
948.9339
948.93384
948.93384
948.93384
948.93384
948.9339
948.93384
948.93384
948.9339
948.93384
948.93384
948.9339
948.93384
948.93396
948.93384
948.93384
948.93384
948.93384
948.93384
948.93384
948.93384
948.93384
948.93384
948.93384
948.9339
948.93384
948.9339
948.93384
948.93384
948.93384
948.93384
948.93384
948.93384
948.93384
948.93384
948.93384
948.93384
948.93384
948.93384
948.93384
948.93384
948.93384
948.93384
948.93384
948.93384
948.93384
948.9338
948.93384
948.93384
948.93384
948.93384
948.93384
948.93384
948.93384
948.93384
948.93384
948.93384
948.93384
948.93384
948.93384
948.9339
948.93384
948.93384
948.93384
948.93384
uneq_res_skip_cond_gbp_regression_step_generate: [1121.24783136 1129.93801636 1119.71804636 1098.26785036 1097.56789936
 1059.94790436 1041.97793336 1065.26797236 1101.50784136 1084.17800736
 1067.62795836 1062.39797736 1050.63796836 1032.03799236 1058.78799236
 1061.91799736 1071.48794336 1102.51785036 1091.18801636 1096.45803636
 1068.91799736 1041.52798236 1060.61794836 1034.35793836 1060.21792436
 1089.39797736 1080.87795836 1101.88796836 1094.83791936 1086.10793836
 1107.95803636 1107.89797736 1127.84792836 1136.35793836 1139.70803636
 1139.04788036 1136.81789936 1149.66799736 1149.02786036 1154.84792836
 1153.22805536 1150.10793836 1143.86794836 1156.75784136 1147.14797736
 1137.89797736 1140.40798736 1110.62795836 1118.79788036 1083.52798236
 1079.60793836 1105.31789936 1092.76785036 1120.55788936 1113.64797736
 1138.86794836 1128.63796836 1147.46804636 1143.78787036 1130.86794836
 1100.41799736 1095.51785036 1100.38796836 1125.60793836 1107.25784136
 1099.05788936 1106.32790936 1115.69802636 1121.26785036 1130.54788036
 1141.42800736 1131.79788036 1135.20803636 1145.99783136 1144.35793836
 1120.54788036 1139.76785036 1136.65798736 1147.32790936 1152.29788036
 1157.05788936 1148.28787036 1154.12795836 1146.21804636 1124.87795836
 1147.65798736 1128.82790936 1119.51785036 1127.36794836 1155.46804636
 1144.69802636 1138.48806536 1137.84792836 1160.46804636 1162.09792836
 1168.56789936 1167.19802636 1165.21804636 1170.18801636 1165.42800736
 1143.56789936 1162.84792836 1160.15798736 1146.75784136 1151.09792836
 1148.96804636 1153.43801636 1135.20803636 1132.19802636 1118.64797736
 1119.51785036 1144.56789936 1148.22805536 1133.47805536 1123.79788036
 1135.65798736 1139.80788936 1160.60793836 1149.35793836 1162.21804636
 1163.56789936 1147.94802636 1141.67800736 1140.85793836 1097.00784136
 1102.47805536 1116.78787036 1116.14797736 1108.12795836 1120.70803636
 1086.04800236 1090.67800736 1115.98806536 1138.96804636 1148.31789936
 1146.76785036 1163.65798736 1166.00784136 1167.64797736 1158.57790936
 1153.51785036 1141.51785036 1119.01785036 1107.00784136 1132.61794836
 1147.93801636 1147.99783136 1143.20803636 1137.40798736 1132.68801636
 1139.20803636 1122.92800736 1116.93801636 1143.54788036 1123.43801636
 1125.41799736 1122.75784136 1130.90798736 1141.80788936 1136.28787036
 1118.97805536 1075.09792836 1010.25796336  932.57790936  906.97793336
  979.87795836 1027.02798236 1028.23794336  953.21792436  988.22793336
  990.49795336  960.58791936 1008.77798236  981.40798736  991.65798736
 1000.41799736  992.39797736 1017.45791436 1034.67800736 1029.56789936
  997.39797736 1006.33791936  982.10793836  978.12795836  971.60793836
  970.70791436  921.13796836  923.45791436  959.39797736  963.18789436
  990.72793336 1026.41799736 1019.28799236 1035.19790436 1052.79800236
 1054.25796336 1056.82790936 1043.05788936 1033.60793836 1063.22793336
 1072.47793336 1073.02798236 1070.13796836 1058.30788936 1091.87795836
 1114.51785036 1110.54788036 1105.25784136 1129.71804636 1128.77786036
 1118.72805536 1143.41799736 1149.15798736 1141.67800736 1139.29788036
 1138.56789936 1117.94802636 1121.08791936 1114.36794836 1085.33791936
 1062.40798736 1092.55788936 1089.80788936 1122.94802636 1120.60793836
 1128.53787036 1125.95803636 1128.50784136 1128.23806536 1129.47805536
 1119.77786036 1141.99783136 1118.87795836 1088.98806536 1131.05788936
 1116.43801636 1102.95803636 1086.98794336 1091.59792836 1051.73794336
 1061.30788936 1082.77798236 1112.43801636 1081.25796336 1044.91799736
 1060.51797236 1078.33791936 1103.65798736 1100.35793836 1117.72805536
 1102.72805536 1083.30788936 1052.02798236 1056.07790936 1029.62795836
  982.45791436  961.39797736  963.03799236  978.04800236  929.64797736
  961.20791436  919.69790436  920.69790436  898.69790436  908.35793836
  946.26797236  916.44790436  942.99795336  922.31789936  932.72793336
  979.60793836  978.74795336  942.39797736  951.89797736  954.81789936
  919.41799736  892.80788936  891.57790936  891.22793336  868.44790436
  904.14797736  934.94790436  966.18789436  957.19790436  957.14797736
  984.86794836  960.63796836  969.16799736  991.06789936  987.41799736
  971.59792836 1017.71792436 1025.81789936 1032.76797236 1039.35793836
 1041.12795836 1018.62795836 1028.62795836 1028.93789436 1061.55788936
 1059.00796336 1055.29800236 1066.58791936 1079.95791436 1088.94802636
 1090.96804636 1089.16799736 1076.07790936 1075.30788936 1094.37795836
 1103.31789936 1099.10793836 1112.14797736 1105.49783136 1084.53799236
 1106.02786036 1081.27798236 1086.96792436 1081.35793836 1101.08791936
 1121.78787036 1122.14797736 1120.09792836 1133.70803636 1140.16799736
 1141.76785036 1130.84792836 1130.94802636 1127.15798736 1131.06789936
 1134.51785036 1115.17800736 1104.66799736 1102.73806536 1090.48806536
 1089.99783136 1096.50784136 1098.05788936 1123.75784136 1103.82790936
 1103.47805536 1085.97793336 1106.02786036 1086.57790936 1086.99795336
 1079.40798736 1091.68801636 1087.40798736 1115.42800736 1129.90798736
 1129.46804636 1138.42800736 1136.31789936 1138.69802636 1144.62795836
 1138.49783136 1148.77786036 1151.49783136 1158.48806536 1154.84792836
 1135.43801636 1118.42800736 1114.68801636 1110.86794836 1117.35793836
 1110.58791936 1122.61794836 1128.26785036 1124.81789936 1152.68801636
 1076.77798236 1039.90798736 1075.45791436 1110.13796836 1138.22805536
 1142.31789936 1127.91799736 1139.09792836 1137.26785036 1169.26785036
 1176.52786036 1191.50784136 1191.79788036 1203.11794836 1201.10793836
 1206.25784136 1203.14797736 1212.38796836 1204.53787036 1214.39797736
 1207.84792836 1208.54788036 1205.94802636 1209.42800736 1212.96804636
 1210.20803636 1196.39797736 1203.15798736 1203.61794836 1222.23806536
 1220.25784136 1221.10793836 1214.85793836 1225.15798736 1223.41799736
 1229.51785036 1217.51785036 1221.58791936 1226.38796836 1223.23806536
 1222.00784136 1226.26785036 1214.80788936 1211.83791936 1208.40798736
 1215.48806536 1210.31789936 1210.22805536 1219.34792836 1225.84792836
 1225.52786036 1220.66799736 1167.17800736 1198.40798736 1166.38796836
 1165.13796836 1186.62795836 1178.52786036 1178.48806536 1179.12795836
 1202.48806536 1216.54788036 1204.05788936 1185.46804636 1199.29788036
 1210.73806536 1190.49783136 1207.63796836 1200.56789936 1189.85793836
 1199.09792836 1200.13796836 1193.10793836 1203.02786036 1176.09792836
 1178.54788036 1171.91799736 1172.34792836 1165.86794836 1178.96804636
 1183.65798736 1180.70803636 1180.52786036 1190.69802636 1182.52786036
 1178.79788036 1172.40798736 1165.77786036 1165.51785036 1151.08791936
 1137.30788936 1128.02786036 1124.54788036 1170.88796836 1178.92800736
 1202.62795836 1206.84792836 1203.81789936 1203.56789936 1219.75784136
 1216.30788936 1226.48806536 1221.26785036 1237.54788036 1242.30788936
 1244.08791936 1252.71804636 1241.08791936 1244.02786036 1238.17800736
 1230.44802636 1231.31789936 1244.07790936 1251.59792836 1280.71804636
 1285.55788936 1298.89797736 1296.32790936 1311.08791936 1292.64797736
 1301.39797736 1297.43801636 1301.89797736 1310.12795836 1304.54788036
 1300.32790936 1303.15798736 1289.28787036 1288.62795836 1278.19802636]
