68.0
66.0
66.0
68.0
68.0
68.0
68.0
68.0
68.0
68.0
68.0
68.0
68.0
68.0
68.0
68.0
68.0
71.0
71.0
71.0
60.0
60.0
61.0
61.0
61.0
61.0
61.0
61.0
61.0
61.0
67.0
67.0
67.0
67.0
67.0
67.0
67.0
67.0
67.0
67.0
65.0
65.0
65.0
65.0
65.0
65.0
65.0
65.0
65.0
65.0
66.0
66.0
66.0
66.0
66.0
66.0
60.0
60.0
60.0
60.0
66.0
66.0
66.0
66.0
66.0
66.0
66.0
66.0
66.0
66.0
66.0
66.0
66.0
66.0
66.0
66.0
66.0
66.0
66.0
66.0
65.0
70.0
65.0
65.0
70.0
65.0
65.0
65.0
65.0
65.0
75.0
75.0
66.0
66.0
75.0
66.0
75.0
75.0
75.0
75.0
76.0
76.0
76.0
76.0
76.0
76.0
76.0
76.0
70.0
70.0
66.0
66.0
66.0
66.0
66.0
66.0
66.0
66.0
66.0
66.0
70.0
70.0
70.0
70.0
70.0
68.0
68.0
68.0
68.0
68.0
66.0
66.0
66.0
66.0
66.0
66.0
66.0
76.0
70.0
70.0
66.0
66.0
71.0
66.0
68.0
65.0
65.0
65.0
66.0
66.0
65.0
65.0
65.0
65.0
66.0
65.0
68.0
68.0
68.0
68.0
68.0
68.0
68.0
68.0
67.0
68.0
68.0
68.0
68.0
68.0
66.0
68.0
68.0
68.0
68.0
68.0
68.0
68.0
68.0
68.0
68.0
61.0
61.0
61.0
61.0
61.0
61.0
61.0
61.0
61.0
55.0
64.0
68.0
64.0
64.0
64.0
64.0
64.0
64.0
64.0
68.0
68.0
68.0
68.0
68.0
68.0
68.0
68.0
68.0
68.0
68.0
68.0
68.0
68.0
68.0
68.0
68.0
68.0
65.0
68.0
65.0
65.0
65.0
65.0
65.0
65.0
65.0
65.0
65.0
67.0
68.0
68.0
68.0
68.0
68.0
68.0
68.0
67.0
67.0
64.0
64.0
64.0
64.0
65.0
65.0
65.0
65.0
65.0
65.0
65.0
68.0
68.0
68.0
65.0
65.0
65.0
64.0
64.0
64.0
64.0
63.0
63.0
63.0
63.0
63.0
63.0
65.0
65.0
65.0
65.0
64.0
65.0
65.0
64.0
63.0
64.0
64.0
63.0
63.0
63.0
62.0
62.0
62.0
62.0
62.0
62.0
68.0
64.0
63.0
68.0
68.0
68.0
68.0
68.0
68.0
68.0
68.0
68.0
68.0
68.0
64.0
67.0
64.0
67.0
67.0
67.0
67.0
67.0
67.0
64.0
68.0
68.0
68.0
68.0
68.0
68.0
68.0
68.0
68.0
68.0
68.0
68.0
68.0
68.0
68.0
68.0
68.0
68.0
68.0
68.0
68.0
68.0
68.0
68.0
68.0
68.0
68.0
68.0
68.0
68.0
69.0
69.0
69.0
69.0
69.0
69.0
68.0
68.0
68.0
68.0
68.0
68.0
68.0
68.0
68.0
68.0
68.0
68.0
68.0
68.0
68.0
64.0
64.0
64.0
64.0
64.0
64.0
68.0
68.0
68.0
72.0
68.0
64.0
64.0
72.0
72.0
72.0
72.0
72.0
72.0
67.0
67.0
72.0
72.0
72.0
72.0
72.0
72.0
72.0
72.0
73.0
73.0
74.0
74.0
73.0
74.0
73.0
73.0
73.0
66.0
78.0
78.0
78.0
78.0
78.0
66.0
66.0
66.0
66.0
66.0
75.0
75.0
75.0
78.0
78.0
75.0
75.0
72.0
72.0
75.0
74.0
74.0
74.0
74.0
78.0
78.0
78.0
78.0
74.0
74.0
78.0
78.0
78.0
78.0
78.0
78.0
78.0
78.0
78.0
79.0
79.0
79.0
79.0
79.0
79.0
79.0
79.0
79.0
79.0
79.0
75.0
75.0
75.0
75.0
75.0
75.0
75.0
75.0
75.0
75.0
79.0
79.0
79.0
79.0
79.0
79.0
79.0
79.0
79.0
79.0
78.0
78.0
78.0
78.0
78.0
78.0
78.0
78.0
78.0
78.0
77.0
77.0
77.0
77.0
77.0
77.0
77.0
77.0
77.0
77.0
78.0
78.0
78.0
78.0
78.0
78.0
78.0
78.0
78.0
78.0
uneq_skip_cond_step_predict: 4.128
66
66
66
66
66
66
66
66
66
66
66
66
66
66
66
66
66
66
66
66
66
66
66
66
66
66
66
66
66
66
66
66
66
66
66
66
66
66
66
66
66
66
66
66
66
66
66
66
66
66
66
66
66
66
66
66
66
66
66
66
66
66
66
66
66
66
66
66
66
66
66
66
66
66
66
66
66
66
66
66
66
66
66
66
66
66
66
66
66
66
66
66
66
66
66
66
66
66
66
66
66
66
66
66
66
66
66
66
66
66
66
66
66
66
66
66
66
66
66
66
66
66
66
66
66
66
66
66
66
66
66
66
66
66
66
66
66
66
66
66
66
66
66
66
66
66
66
66
66
66
66
66
66
66
66
66
66
66
66
66
66
66
66
66
66
66
66
66
66
66
66
66
66
66
66
66
66
66
66
66
66
66
66
66
66
66
66
66
66
66
66
66
66
66
66
66
66
66
66
66
66
66
66
66
66
66
66
66
66
66
66
66
66
66
66
66
66
66
66
66
66
66
66
66
66
66
66
66
66
66
66
66
66
66
66
66
66
66
66
66
66
66
66
66
66
66
66
66
66
66
66
66
66
66
66
66
66
66
66
66
66
66
66
66
66
66
66
66
66
66
66
66
66
66
66
66
66
66
66
66
66
66
66
66
66
66
66
66
66
66
66
66
66
66
66
66
66
66
66
66
66
66
66
66
66
66
66
66
66
66
66
66
66
66
66
66
66
66
66
66
66
66
66
66
66
66
66
66
66
66
66
66
66
66
66
66
66
66
66
66
66
66
66
66
66
66
66
66
66
66
66
66
66
66
66
66
66
66
66
66
66
66
66
66
66
66
66
66
66
66
66
66
66
66
66
66
66
66
66
66
66
66
66
66
66
66
66
66
66
66
66
66
66
66
66
66
66
66
66
66
66
66
66
66
66
66
66
66
66
66
66
66
66
66
66
66
66
66
66
66
66
66
66
66
66
66
66
66
66
66
66
66
66
66
66
66
66
66
66
66
66
66
66
66
66
66
66
66
66
66
66
66
66
66
66
66
66
66
66
66
66
66
66
66
66
66
66
66
66
66
66
66
66
66
66
66
66
66
66
66
66
66
66
66
66
66
66
66
66
66
66
66
66
66
66
66
66
66
66
66
uneq_skip_cond_step_generate: 6.924
