62.0
62.0
62.0
62.0
62.0
62.0
67.0
67.0
67.0
62.0
66.0
61.0
61.0
66.0
61.0
61.0
61.0
61.0
61.0
61.0
66.0
66.0
66.0
66.0
66.0
66.0
66.0
66.0
66.0
66.0
62.0
62.0
62.0
62.0
62.0
62.0
62.0
62.0
62.0
62.0
65.0
65.0
65.0
65.0
65.0
65.0
65.0
65.0
65.0
65.0
66.0
66.0
66.0
66.0
66.0
66.0
66.0
66.0
66.0
66.0
64.0
62.0
64.0
64.0
64.0
64.0
64.0
64.0
64.0
64.0
62.0
62.0
62.0
62.0
62.0
62.0
62.0
62.0
62.0
62.0
67.0
67.0
67.0
67.0
67.0
67.0
67.0
67.0
67.0
67.0
66.0
66.0
66.0
66.0
66.0
66.0
66.0
66.0
66.0
66.0
67.0
67.0
65.0
65.0
67.0
67.0
67.0
67.0
67.0
67.0
62.0
62.0
62.0
62.0
62.0
62.0
62.0
62.0
62.0
62.0
65.0
65.0
65.0
65.0
65.0
65.0
65.0
65.0
65.0
65.0
64.0
64.0
64.0
64.0
64.0
64.0
64.0
64.0
64.0
64.0
66.0
66.0
66.0
66.0
66.0
66.0
66.0
66.0
66.0
66.0
65.0
65.0
65.0
65.0
65.0
65.0
65.0
65.0
65.0
65.0
65.0
68.0
68.0
68.0
68.0
68.0
68.0
68.0
68.0
68.0
68.0
68.0
68.0
68.0
68.0
68.0
68.0
68.0
68.0
68.0
66.0
66.0
66.0
66.0
66.0
66.0
66.0
66.0
64.0
66.0
64.0
64.0
65.0
65.0
65.0
65.0
70.0
70.0
65.0
65.0
68.0
68.0
68.0
68.0
68.0
68.0
68.0
68.0
68.0
68.0
68.0
68.0
68.0
68.0
68.0
68.0
68.0
68.0
68.0
68.0
64.0
64.0
64.0
69.0
69.0
69.0
69.0
69.0
69.0
69.0
67.0
67.0
67.0
67.0
67.0
67.0
67.0
67.0
67.0
67.0
65.0
65.0
65.0
65.0
65.0
65.0
65.0
65.0
68.0
68.0
68.0
68.0
68.0
68.0
68.0
68.0
68.0
68.0
68.0
68.0
65.0
64.0
64.0
64.0
64.0
64.0
64.0
64.0
64.0
65.0
68.0
68.0
68.0
68.0
68.0
68.0
68.0
64.0
64.0
64.0
69.0
69.0
69.0
69.0
69.0
69.0
69.0
69.0
69.0
69.0
72.0
72.0
72.0
72.0
72.0
72.0
72.0
72.0
72.0
72.0
68.0
68.0
68.0
68.0
68.0
68.0
68.0
68.0
68.0
68.0
68.0
68.0
68.0
68.0
68.0
64.0
68.0
68.0
68.0
68.0
69.0
66.0
66.0
66.0
66.0
66.0
66.0
66.0
66.0
69.0
68.0
68.0
68.0
68.0
68.0
68.0
68.0
68.0
68.0
68.0
68.0
68.0
68.0
68.0
68.0
68.0
68.0
68.0
68.0
68.0
68.0
67.0
68.0
68.0
68.0
68.0
68.0
68.0
67.0
67.0
63.0
63.0
63.0
63.0
63.0
63.0
63.0
63.0
63.0
63.0
69.0
69.0
63.0
69.0
69.0
69.0
69.0
69.0
69.0
69.0
68.0
70.0
70.0
70.0
70.0
70.0
70.0
70.0
70.0
70.0
67.0
67.0
67.0
67.0
67.0
67.0
67.0
67.0
67.0
67.0
75.0
75.0
75.0
75.0
75.0
75.0
75.0
75.0
75.0
75.0
75.0
75.0
75.0
75.0
70.0
75.0
70.0
70.0
72.0
75.0
76.0
76.0
76.0
72.0
72.0
72.0
72.0
72.0
72.0
76.0
75.0
75.0
75.0
75.0
75.0
75.0
75.0
75.0
75.0
75.0
76.0
76.0
76.0
76.0
76.0
76.0
76.0
76.0
76.0
76.0
75.0
75.0
75.0
75.0
75.0
75.0
75.0
75.0
75.0
75.0
76.0
76.0
75.0
75.0
75.0
76.0
76.0
75.0
75.0
75.0
73.0
73.0
73.0
73.0
73.0
73.0
73.0
73.0
73.0
73.0
68.0
68.0
68.0
68.0
68.0
76.0
76.0
76.0
68.0
76.0
74.0
74.0
74.0
74.0
74.0
74.0
74.0
74.0
75.0
75.0
uneq_high_res_skip_cond_step_predict: 5.62
53
58
59
59
59
59
59
59
59
59
59
59
59
59
59
59
59
59
59
59
59
59
59
59
59
59
59
59
59
59
59
59
59
59
59
59
59
59
59
59
59
59
59
59
59
59
59
59
59
59
59
59
59
59
59
59
59
59
59
59
59
59
59
59
59
59
59
59
59
59
59
59
59
59
59
59
59
59
59
59
59
59
59
59
59
59
59
59
59
59
59
59
59
59
59
59
59
59
59
59
59
59
59
59
59
59
59
59
59
59
59
59
59
59
59
59
59
59
59
59
59
59
59
59
59
59
59
59
59
59
59
59
59
59
59
59
59
59
59
59
59
59
59
59
59
59
59
59
59
59
59
59
59
59
59
59
59
59
59
59
59
59
59
59
59
59
59
59
59
59
59
59
59
59
59
59
59
59
59
59
59
59
59
59
59
59
59
59
59
59
59
59
59
59
59
59
59
59
59
59
59
59
59
59
59
59
59
59
59
59
59
59
59
59
59
59
59
59
59
59
59
59
59
59
59
59
59
59
59
59
59
59
59
59
59
59
59
59
59
59
59
59
59
59
59
59
59
59
59
59
59
59
59
59
59
59
59
59
59
59
59
59
59
59
59
59
59
59
59
59
59
59
59
59
59
59
59
59
59
59
59
59
59
59
59
59
59
59
59
59
59
59
59
59
59
59
59
59
59
59
59
59
59
59
59
59
59
59
59
59
59
59
59
59
59
59
59
59
59
59
59
59
59
59
59
59
59
59
59
59
59
59
59
59
59
59
59
59
59
59
59
59
59
59
59
59
59
59
59
59
59
59
59
59
59
59
59
59
59
59
59
59
59
59
59
59
59
59
59
59
59
59
59
59
59
59
59
59
59
59
59
59
59
59
59
59
59
59
59
59
59
59
59
59
59
59
59
59
59
59
59
59
59
59
59
59
59
59
59
59
59
59
59
59
59
59
59
59
59
59
59
59
59
59
59
59
59
59
59
59
59
59
59
59
59
59
59
59
59
59
59
59
59
59
59
59
59
59
59
59
59
59
59
59
59
59
59
59
59
59
59
59
59
59
59
59
59
59
59
59
59
59
59
59
59
59
59
59
59
59
59
59
59
59
59
59
59
59
59
59
59
59
59
59
59
59
59
59
59
59
uneq_high_res_skip_cond_step_generate: 13.27
