66.0
66.0
66.0
66.0
66.0
66.0
66.0
66.0
66.0
66.0
71.0
71.0
71.0
71.0
71.0
71.0
71.0
71.0
71.0
71.0
61.0
61.0
61.0
61.0
61.0
61.0
61.0
61.0
61.0
61.0
68.0
68.0
68.0
68.0
68.0
68.0
68.0
68.0
68.0
68.0
68.0
68.0
68.0
68.0
68.0
68.0
68.0
68.0
68.0
68.0
68.0
68.0
68.0
68.0
68.0
68.0
68.0
68.0
68.0
68.0
68.0
68.0
68.0
68.0
68.0
68.0
68.0
68.0
68.0
68.0
70.0
70.0
70.0
70.0
70.0
70.0
70.0
70.0
70.0
70.0
66.0
66.0
66.0
66.0
66.0
66.0
66.0
66.0
66.0
66.0
67.0
67.0
67.0
67.0
67.0
67.0
67.0
67.0
67.0
67.0
68.0
68.0
68.0
68.0
68.0
68.0
68.0
68.0
68.0
68.0
68.0
68.0
68.0
68.0
68.0
68.0
68.0
68.0
68.0
68.0
66.0
66.0
66.0
66.0
66.0
66.0
66.0
66.0
66.0
66.0
60.0
60.0
60.0
60.0
60.0
60.0
60.0
60.0
60.0
60.0
76.0
76.0
76.0
76.0
76.0
76.0
76.0
76.0
76.0
76.0
66.0
66.0
66.0
66.0
66.0
66.0
66.0
66.0
66.0
66.0
59.0
59.0
59.0
59.0
59.0
59.0
59.0
59.0
59.0
59.0
60.0
60.0
60.0
60.0
60.0
60.0
60.0
60.0
60.0
60.0
59.0
59.0
59.0
59.0
59.0
59.0
59.0
59.0
59.0
59.0
66.0
66.0
66.0
66.0
66.0
66.0
66.0
66.0
66.0
66.0
65.0
65.0
65.0
65.0
65.0
65.0
65.0
65.0
65.0
65.0
64.0
64.0
64.0
64.0
64.0
64.0
64.0
64.0
64.0
64.0
65.0
65.0
65.0
65.0
65.0
65.0
65.0
65.0
65.0
65.0
65.0
65.0
65.0
65.0
65.0
65.0
65.0
65.0
65.0
65.0
68.0
68.0
68.0
68.0
68.0
68.0
68.0
68.0
68.0
68.0
68.0
68.0
68.0
68.0
68.0
68.0
68.0
68.0
68.0
68.0
68.0
68.0
68.0
68.0
68.0
68.0
68.0
68.0
68.0
68.0
68.0
68.0
68.0
68.0
68.0
68.0
68.0
59.0
59.0
59.0
62.0
62.0
62.0
68.0
68.0
68.0
68.0
68.0
68.0
68.0
68.0
68.0
68.0
68.0
68.0
68.0
68.0
68.0
68.0
68.0
62.0
62.0
62.0
62.0
62.0
62.0
62.0
62.0
62.0
62.0
68.0
68.0
68.0
68.0
68.0
68.0
68.0
68.0
68.0
68.0
68.0
68.0
68.0
68.0
68.0
68.0
68.0
68.0
68.0
68.0
75.0
75.0
75.0
75.0
75.0
75.0
75.0
75.0
75.0
75.0
68.0
68.0
68.0
68.0
68.0
68.0
68.0
68.0
68.0
68.0
72.0
72.0
72.0
72.0
72.0
72.0
72.0
72.0
72.0
72.0
68.0
68.0
68.0
68.0
68.0
68.0
68.0
68.0
68.0
68.0
63.0
63.0
63.0
63.0
63.0
63.0
63.0
63.0
63.0
63.0
75.0
75.0
75.0
75.0
75.0
75.0
75.0
75.0
75.0
75.0
66.0
66.0
66.0
66.0
66.0
66.0
66.0
66.0
66.0
66.0
78.0
78.0
78.0
78.0
78.0
78.0
78.0
78.0
78.0
78.0
78.0
78.0
78.0
78.0
78.0
78.0
78.0
78.0
78.0
78.0
78.0
78.0
78.0
78.0
78.0
78.0
78.0
78.0
78.0
78.0
78.0
78.0
78.0
78.0
78.0
78.0
78.0
78.0
78.0
78.0
78.0
78.0
78.0
78.0
78.0
78.0
78.0
78.0
78.0
78.0
74.0
74.0
74.0
74.0
74.0
74.0
74.0
74.0
74.0
74.0
78.0
78.0
78.0
78.0
78.0
78.0
78.0
78.0
78.0
78.0
78.0
78.0
78.0
78.0
78.0
78.0
78.0
78.0
78.0
78.0
78.0
78.0
78.0
78.0
78.0
78.0
78.0
78.0
78.0
78.0
78.0
78.0
78.0
78.0
78.0
78.0
78.0
78.0
78.0
78.0
uneq_skip_step_predict: 4.506
64
64
64
64
64
64
64
64
64
64
64
64
64
64
64
64
64
64
64
64
68
68
68
68
68
68
68
68
68
69
66
66
66
66
66
66
66
66
66
66
66
66
66
66
66
66
66
66
66
66
66
66
66
66
66
66
66
66
66
66
66
66
66
66
66
66
66
66
66
66
66
66
66
66
66
66
66
66
66
66
66
66
66
66
66
66
66
66
66
66
66
66
66
66
66
66
66
66
66
66
66
66
66
66
66
66
66
66
66
66
66
66
66
66
66
66
66
66
66
66
66
66
66
66
66
66
66
66
66
66
66
66
66
66
66
66
66
66
66
66
66
66
66
66
66
66
66
66
66
66
66
66
66
66
66
66
66
66
66
66
66
66
66
66
66
66
66
66
66
66
66
66
66
66
66
66
66
66
66
66
66
66
66
66
66
66
66
66
66
66
66
66
66
66
66
66
66
66
66
66
66
66
66
66
66
66
66
66
66
66
66
66
66
66
66
66
66
66
66
66
66
66
66
66
66
66
66
66
66
66
66
66
66
66
66
66
66
66
66
66
66
66
66
66
66
66
66
66
66
66
66
66
66
66
66
66
66
66
66
66
66
66
66
66
66
66
66
66
66
66
66
66
66
66
66
66
66
66
66
66
66
66
66
66
66
66
66
66
66
66
66
66
66
66
66
66
66
66
66
66
66
66
66
66
66
66
66
66
66
66
66
66
66
66
66
66
66
66
66
66
66
66
66
66
66
66
66
66
66
66
66
66
66
66
66
66
66
66
66
66
66
66
66
66
66
66
66
66
66
66
66
66
66
66
66
66
66
66
66
66
66
66
66
66
66
66
66
66
66
66
66
66
66
66
66
66
66
66
66
66
66
66
66
66
66
66
66
66
66
66
66
66
66
66
66
66
66
66
66
66
66
66
66
66
66
66
66
66
66
66
66
66
66
66
66
66
66
66
66
66
66
66
66
66
66
66
66
66
66
66
66
66
66
66
66
66
66
66
66
66
66
66
66
66
66
66
66
66
66
66
66
66
66
66
66
66
66
66
66
66
66
66
66
66
66
66
66
66
66
66
66
66
66
66
66
66
66
66
66
66
66
66
66
66
66
66
66
66
66
66
66
66
66
66
66
66
66
66
66
66
uneq_skip_step_generate: 6.97
