66.0
66.0
66.0
66.0
66.0
66.0
66.0
66.0
66.0
69.0
69.0
59.0
59.0
59.0
59.0
59.0
59.0
59.0
59.0
59.0
60.0
60.0
60.0
60.0
60.0
60.0
60.0
60.0
60.0
60.0
59.0
71.0
59.0
59.0
59.0
59.0
59.0
59.0
59.0
59.0
66.0
66.0
66.0
66.0
66.0
66.0
66.0
66.0
66.0
66.0
60.0
60.0
60.0
60.0
60.0
60.0
60.0
60.0
60.0
60.0
67.0
67.0
59.0
59.0
59.0
59.0
59.0
59.0
67.0
59.0
67.0
67.0
67.0
67.0
67.0
67.0
67.0
67.0
67.0
67.0
60.0
60.0
60.0
60.0
60.0
60.0
60.0
60.0
60.0
60.0
66.0
66.0
66.0
66.0
66.0
66.0
66.0
66.0
66.0
66.0
70.0
70.0
70.0
70.0
70.0
70.0
70.0
70.0
70.0
60.0
60.0
60.0
60.0
60.0
60.0
59.0
59.0
59.0
59.0
59.0
60.0
60.0
60.0
60.0
60.0
60.0
60.0
60.0
60.0
60.0
60.0
60.0
60.0
60.0
60.0
66.0
66.0
66.0
60.0
66.0
60.0
60.0
60.0
60.0
60.0
60.0
60.0
60.0
60.0
60.0
60.0
60.0
60.0
60.0
60.0
60.0
60.0
60.0
60.0
60.0
60.0
61.0
61.0
55.0
47.0
55.0
47.0
55.0
55.0
55.0
55.0
55.0
55.0
55.0
55.0
55.0
55.0
55.0
55.0
55.0
46.0
46.0
46.0
42.0
44.0
42.0
46.0
42.0
44.0
44.0
44.0
46.0
46.0
46.0
51.0
50.0
51.0
51.0
51.0
46.0
68.0
68.0
68.0
68.0
68.0
68.0
68.0
68.0
68.0
68.0
68.0
68.0
68.0
68.0
68.0
68.0
68.0
68.0
68.0
68.0
65.0
64.0
65.0
55.0
55.0
55.0
55.0
55.0
55.0
55.0
55.0
68.0
68.0
68.0
68.0
55.0
68.0
64.0
64.0
64.0
64.0
64.0
65.0
65.0
65.0
65.0
65.0
65.0
65.0
65.0
56.0
56.0
56.0
55.0
55.0
55.0
64.0
64.0
64.0
64.0
64.0
47.0
43.0
47.0
38.0
44.0
44.0
44.0
44.0
44.0
49.0
68.0
68.0
49.0
47.0
49.0
47.0
47.0
43.0
47.0
44.0
44.0
63.0
68.0
63.0
63.0
68.0
63.0
63.0
68.0
49.0
49.0
49.0
49.0
49.0
49.0
49.0
49.0
68.0
63.0
68.0
68.0
68.0
68.0
68.0
68.0
68.0
68.0
68.0
68.0
64.0
68.0
68.0
68.0
68.0
64.0
68.0
68.0
68.0
68.0
68.0
68.0
68.0
68.0
68.0
68.0
68.0
68.0
68.0
68.0
68.0
68.0
68.0
68.0
68.0
63.0
63.0
63.0
63.0
68.0
63.0
63.0
63.0
63.0
63.0
63.0
63.0
63.0
63.0
68.0
68.0
68.0
68.0
68.0
69.0
69.0
68.0
68.0
68.0
68.0
68.0
68.0
63.0
63.0
63.0
63.0
63.0
68.0
68.0
68.0
68.0
69.0
63.0
69.0
68.0
68.0
68.0
68.0
68.0
68.0
53.0
53.0
53.0
57.0
57.0
57.0
57.0
57.0
53.0
57.0
59.0
59.0
59.0
59.0
59.0
59.0
59.0
59.0
60.0
60.0
78.0
78.0
78.0
75.0
75.0
75.0
75.0
75.0
60.0
60.0
75.0
75.0
75.0
75.0
75.0
75.0
75.0
75.0
61.0
75.0
75.0
75.0
75.0
78.0
78.0
78.0
78.0
78.0
78.0
75.0
79.0
79.0
79.0
79.0
79.0
79.0
79.0
79.0
79.0
79.0
78.0
78.0
78.0
78.0
78.0
78.0
78.0
78.0
78.0
78.0
79.0
79.0
79.0
79.0
79.0
79.0
79.0
79.0
79.0
79.0
77.0
77.0
77.0
78.0
77.0
77.0
77.0
77.0
77.0
77.0
78.0
78.0
78.0
78.0
78.0
78.0
78.0
78.0
78.0
78.0
77.0
77.0
77.0
77.0
77.0
77.0
77.0
77.0
77.0
77.0
77.0
77.0
77.0
77.0
77.0
77.0
77.0
77.0
77.0
77.0
uneq_cond_step_predict: 8.454
65
65
65
65
65
65
65
65
65
65
65
65
65
65
65
65
65
65
65
65
65
65
65
65
65
65
65
65
65
65
65
65
65
65
65
65
65
65
65
65
65
65
65
65
65
65
65
65
65
65
65
65
65
65
65
65
65
65
65
65
65
65
65
65
65
65
65
65
65
65
65
65
65
65
65
65
65
65
65
65
65
65
65
65
65
65
65
65
65
65
65
65
65
65
65
65
65
65
65
65
65
65
65
65
65
65
65
65
65
65
65
65
65
65
65
65
65
65
65
65
65
65
65
65
65
65
65
65
65
65
65
65
65
65
65
65
65
65
65
65
65
65
65
65
65
65
65
65
65
65
65
65
65
65
65
65
65
65
65
65
65
65
65
65
65
65
65
65
65
65
65
65
65
65
65
65
65
65
65
65
65
65
65
65
65
65
65
65
65
65
65
65
65
65
65
65
65
65
65
65
65
65
65
65
65
65
65
65
65
65
65
65
65
65
65
65
65
65
65
65
65
65
65
65
65
65
65
65
65
65
65
65
65
65
65
65
65
65
65
65
65
65
65
65
65
65
65
65
65
65
65
65
65
65
65
65
65
65
65
65
65
65
65
65
65
65
65
65
65
65
65
65
65
65
65
65
65
65
65
65
65
65
65
65
65
65
65
65
65
65
65
65
65
65
65
65
65
65
65
65
65
65
65
65
65
65
65
65
65
65
65
65
65
65
65
65
65
65
65
65
65
65
65
65
65
65
65
65
65
65
65
65
65
65
65
65
65
65
65
65
65
65
65
65
65
65
65
65
65
65
65
65
65
65
65
65
65
65
65
65
65
65
65
65
65
65
65
65
65
65
65
65
65
65
65
65
65
65
65
65
65
65
65
65
65
65
65
65
65
65
65
65
65
65
65
65
65
65
65
65
65
65
65
65
65
65
65
65
65
65
65
65
65
65
65
65
65
65
65
65
65
65
65
65
65
65
65
65
65
65
65
65
65
65
65
65
65
65
65
65
65
65
65
65
65
65
65
65
65
65
65
65
65
65
65
65
65
65
65
65
65
65
65
65
65
65
65
65
65
65
65
65
65
65
65
65
65
65
65
65
65
65
65
65
65
65
65
65
65
65
65
65
65
65
65
65
65
65
65
65
uneq_cond_step_generate: 7.684
