1565.13427734375
1565.13623046875
1565.135986328125
1565.13525390625
1565.1348876953125
1565.12353515625
1565.105712890625
1565.090087890625
1565.0859375
1565.0947265625
1550.1455078125
1550.12841796875
1550.1092529296875
1550.0885009765625
1550.044189453125
1550.0858154296875
1550.090087890625
1550.1163330078125
1550.14794921875
1550.1285400390625
1577.151123046875
1577.14013671875
1577.068359375
1577.059326171875
1576.999267578125
1577.048095703125
1577.132568359375
1577.13818359375
1577.2388916015625
1577.193603515625
1565.843994140625
1565.8780517578125
1565.8685302734375
1565.9769287109375
1565.996337890625
1566.0089111328125
1566.0516357421875
1566.044921875
1566.06640625
1566.08935546875
1548.1033935546875
1548.10693359375
1548.1029052734375
1548.09716796875
1548.0986328125
1548.0799560546875
1548.08349609375
1548.0689697265625
1548.0067138671875
1548.02685546875
1544.8890380859375
1545.0147705078125
1545.1298828125
1545.2646484375
1545.2586669921875
1545.343017578125
1545.151611328125
1545.4039306640625
1545.2310791015625
1545.217041015625
1555.5816650390625
1555.5665283203125
1555.548095703125
1555.5438232421875
1555.5401611328125
1555.53271484375
1555.540283203125
1555.5372314453125
1555.5352783203125
1555.55810546875
1552.70263671875
1552.73046875
1552.7303466796875
1552.7684326171875
1552.783935546875
1552.8009033203125
1552.778076171875
1552.8013916015625
1552.7623291015625
1552.8291015625
1546.0404052734375
1546.0230712890625
1545.9539794921875
1545.9329833984375
1545.7252197265625
1545.697998046875
1545.999755859375
1545.7249755859375
1545.7288818359375
1545.6802978515625
1565.613037109375
1565.585693359375
1565.568115234375
1565.5567626953125
1565.5859375
1565.59130859375
1565.6064453125
1565.6201171875
1565.618896484375
1565.611083984375
1557.4190673828125
1557.3143310546875
1557.3248291015625
1557.2618408203125
1557.2454833984375
1557.1790771484375
1557.2611083984375
1557.2740478515625
1557.24755859375
1557.1826171875
1552.339599609375
1552.345703125
1552.3665771484375
1552.3638916015625
1552.373046875
1552.38232421875
1552.3876953125
1552.4197998046875
1552.42333984375
1552.4259033203125
1586.0751953125
1586.0548095703125
1586.0162353515625
1586.02099609375
1586.0343017578125
1585.9759521484375
1585.9722900390625
1585.988525390625
1585.981689453125
1585.9599609375
1579.052734375
1578.998779296875
1579.0218505859375
1579.0196533203125
1579.04296875
1579.097900390625
1579.122314453125
1579.145263671875
1579.1478271484375
1579.162353515625
1550.9954833984375
1550.939697265625
1550.935302734375
1550.923828125
1550.8907470703125
1550.8682861328125
1550.8792724609375
1550.8778076171875
1550.896484375
1550.922607421875
1563.0411376953125
1563.05712890625
1563.027099609375
1563.0174560546875
1563.047119140625
1563.03466796875
1563.051513671875
1563.0472412109375
1563.06201171875
1563.0484619140625
1529.12744140625
1529.127197265625
1529.1240234375
1529.116455078125
1529.1031494140625
1529.0872802734375
1529.085205078125
1529.089111328125
1529.0947265625
1529.079833984375
1571.628173828125
1571.583740234375
1571.5716552734375
1571.626220703125
1571.5748291015625
1571.6173095703125
1571.611328125
1571.60986328125
1571.6495361328125
1571.658935546875
1570.059814453125
1570.032470703125
1570.0360107421875
1570.0010986328125
1569.9940185546875
1569.976806640625
1569.9713134765625
1569.9052734375
1569.894287109375
1569.916748046875
1555.5323486328125
1555.6129150390625
1555.6414794921875
1555.6710205078125
1555.7403564453125
1555.73779296875
1555.759033203125
1555.78369140625
1555.7802734375
1555.768798828125
1710.933837890625
1711.0010986328125
1711.0277099609375
1711.0233154296875
1710.9876708984375
1711.0703125
1711.1727294921875
1711.190673828125
1711.193603515625
1711.2515869140625
1700.0032958984375
1700.0234375
1700.05029296875
1700.05029296875
1700.0555419921875
1700.034423828125
1699.9996337890625
1699.981689453125
1699.982421875
1699.9755859375
1664.9830322265625
1664.8973388671875
1664.8880615234375
1664.778076171875
1664.966064453125
1664.9134521484375
1665.111572265625
1665.1287841796875
1665.1776123046875
1665.1531982421875
1709.9039306640625
1709.896484375
1709.943359375
1709.839111328125
1709.890625
1709.9315185546875
1709.8770751953125
1709.83837890625
1709.8819580078125
1709.8846435546875
1753.8687744140625
1753.4727783203125
1753.462646484375
1753.8790283203125
1753.625732421875
1752.91796875
1752.6458740234375
1752.844970703125
1753.4215087890625
1753.718505859375
1728.030029296875
1728.010498046875
1727.95458984375
1727.824951171875
1727.7618408203125
1727.60693359375
1727.3516845703125
1726.9217529296875
1726.7994384765625
1726.70263671875
1644.432861328125
1644.4666748046875
1644.4288330078125
1644.398681640625
1644.3565673828125
1644.39501953125
1644.4970703125
1644.419677734375
1644.431640625
1644.40869140625
1704.44775390625
1704.6776123046875
1704.9713134765625
1704.757080078125
1704.857421875
1704.8946533203125
1704.632568359375
1704.189453125
1704.0682373046875
1704.10888671875
1730.46923828125
1730.8681640625
1729.85400390625
1730.4656982421875
1730.8851318359375
1731.4466552734375
1730.2900390625
1729.294921875
1728.9683837890625
1729.176025390625
1684.3133544921875
1684.5050048828125
1684.958740234375
1685.46875
1685.8636474609375
1685.988525390625
1686.0986328125
1685.9674072265625
1686.0028076171875
1686.0843505859375
1693.51953125
1693.5115966796875
1693.4962158203125
1693.5145263671875
1693.54052734375
1693.5445556640625
1693.537841796875
1693.52099609375
1693.5067138671875
1693.5106201171875
1679.9033203125
1679.92822265625
1679.95166015625
1679.779541015625
1679.807373046875
1679.5216064453125
1679.5096435546875
1679.0609130859375
1679.4156494140625
1679.5537109375
1589.5478515625
1589.5474853515625
1589.5479736328125
1589.552978515625
1589.5611572265625
1589.568115234375
1589.5673828125
1589.5650634765625
1589.5693359375
1589.571044921875
1671.4542236328125
1671.4537353515625
1671.450927734375
1671.45166015625
1671.43798828125
1671.42724609375
1671.4249267578125
1671.4156494140625
1671.4161376953125
1671.4271240234375
1682.7669677734375
1682.78662109375
1682.7288818359375
1682.75830078125
1682.742919921875
1682.79248046875
1682.7740478515625
1682.7587890625
1682.7437744140625
1682.8148193359375
1706.9212646484375
1706.9434814453125
1706.9473876953125
1706.8916015625
1706.8782958984375
1706.8883056640625
1706.9207763671875
1706.912109375
1706.9505615234375
1706.95263671875
1688.7384033203125
1688.83203125
1688.833984375
1688.846435546875
1688.801025390625
1688.7890625
1688.7408447265625
1688.61181640625
1688.617431640625
1688.6156005859375
1691.1865234375
1687.8944091796875
1683.11865234375
1684.015380859375
1684.99560546875
1684.6484375
1684.59423828125
1682.69140625
1682.2315673828125
1681.967529296875
1646.871826171875
1646.922119140625
1647.1207275390625
1647.0909423828125
1647.169677734375
1647.1279296875
1647.1580810546875
1647.104248046875
1647.1522216796875
1647.149658203125
1688.0244140625
1688.0592041015625
1688.0775146484375
1688.3438720703125
1688.169921875
1688.4119873046875
1688.22216796875
1688.82666015625
1688.7432861328125
1687.8983154296875
1809.44384765625
1809.4102783203125
1809.400146484375
1809.3831787109375
1809.326904296875
1809.2569580078125
1809.2261962890625
1809.4813232421875
1809.4912109375
1809.6605224609375
1809.6260986328125
1809.652587890625
1809.6800537109375
1809.6884765625
1809.6695556640625
1809.6339111328125
1809.6114501953125
1809.62646484375
1809.6846923828125
1809.695068359375
1871.826416015625
1871.7640380859375
1871.7147216796875
1871.431640625
1871.4869384765625
1871.15087890625
1871.109130859375
1871.1907958984375
1870.81103515625
1870.8538818359375
1862.2218017578125
1862.422607421875
1862.578125
1862.4918212890625
1862.3807373046875
1862.4486083984375
1862.5157470703125
1862.4058837890625
1862.45556640625
1862.2587890625
1849.500244140625
1849.5487060546875
1849.2457275390625
1848.328857421875
1847.9423828125
1845.04541015625
1845.6053466796875
1845.907958984375
1845.0380859375
1844.5626220703125
1844.1641845703125
1844.455810546875
1844.3275146484375
1844.15771484375
1844.362548828125
1844.0928955078125
1844.2728271484375
1843.3924560546875
1843.2259521484375
1843.48779296875
1802.4150390625
1802.4453125
1802.6280517578125
1802.6563720703125
1802.6575927734375
1802.669921875
1802.880859375
1803.026611328125
1803.080078125
1803.0267333984375
1897.70361328125
1897.818603515625
1897.866943359375
1897.4420166015625
1898.6021728515625
1898.494873046875
1898.7418212890625
1899.04443359375
1898.73486328125
1899.0186767578125
1794.119384765625
1794.0504150390625
1793.9202880859375
1793.9129638671875
1793.98095703125
1794.116943359375
1794.1776123046875
1794.2869873046875
1794.2032470703125
1794.272216796875
1875.930908203125
1875.8179931640625
1875.874755859375
1875.8052978515625
1875.80419921875
1875.797607421875
1875.6944580078125
1875.6998291015625
1875.543701171875
1875.5526123046875
uneq_res_skip_cond_gbp_regression_step_predict: 410.2121122766875
0
0
0
0
0
0
0
0
0
0
0
0
0
0
0
0
0
0
0
0
0
0
0
0
0
0
0
0
0
0
0
0
0
0
0
0
0
0
0
0
0
0
0
0
0
0
0
0
0
0
0
0
0
0
0
0
0
0
0
0
0
0
0
0
0
0
0
0
0
0
0
0
0
0
0
0
0
0
0
0
0
0
0
0
0
0
0
0
0
0
0
0
0
0
0
0
0
0
0
0
0
0
0
0
0
0
0
0
0
0
0
0
0
0
0
0
0
0
0
0
0
0
0
0
0
0
0
0
0
0
0
0
0
0
0
0
0
0
0
0
0
0
0
0
0
0
0
0
0
0
0
0
0
0
0
0
0
0
0
0
0
0
0
0
0
0
0
0
0
0
0
0
0
0
0
0
0
0
0
0
0
0
0
0
0
0
0
0
0
0
0
0
0
0
0
0
0
0
0
0
0
0
0
0
0
0
0
0
0
0
0
0
0
0
0
0
0
0
0
0
0
0
0
0
0
0
0
0
0
0
0
0
0
0
0
0
0
0
0
0
0
0
0
0
0
0
0
0
0
0
0
0
0
0
0
0
0
0
0
0
0
0
0
0
0
0
0
0
0
0
0
0
0
0
0
0
0
0
0
0
0
0
0
0
0
0
0
0
0
0
0
0
0
0
0
0
0
0
0
0
0
0
0
0
0
0
0
0
0
0
0
0
0
0
0
0
0
0
0
0
0
0
0
0
0
0
0
0
0
0
0
0
0
0
0
0
0
0
0
0
0
0
0
0
0
0
0
0
0
0
0
0
0
0
0
0
0
0
0
0
0
0
0
0
0
0
0
0
0
0
0
0
0
0
0
0
0
0
0
0
0
0
0
0
0
0
0
0
0
0
0
0
0
0
0
0
0
0
0
0
0
0
0
0
0
0
0
0
0
0
0
0
0
0
0
0
0
0
0
0
0
0
0
0
0
0
0
0
0
0
0
0
0
0
0
0
0
0
0
0
0
0
0
0
0
0
0
0
0
0
0
0
0
0
0
0
0
0
0
0
0
0
0
0
0
0
0
0
0
0
0
0
0
0
0
0
0
0
0
0
0
0
0
0
0
0
0
0
0
0
0
0
0
0
0
0
0
0
0
0
uneq_res_skip_cond_gbp_regression_step_generate: [2081.879883 2090.570068 2080.350098 2058.899902 2058.199951 2020.579956
 2002.609985 2025.900024 2062.139893 2044.810059 2028.26001  2023.030029
 2011.27002  1992.670044 2019.420044 2022.550049 2032.119995 2063.149902
 2051.820068 2057.090088 2029.550049 2002.160034 2021.25     1994.98999
 2020.849976 2050.030029 2041.51001  2062.52002  2055.469971 2046.73999
 2068.590088 2068.530029 2088.47998  2096.98999  2100.340088 2099.679932
 2097.449951 2110.300049 2109.659912 2115.47998  2113.860107 2110.73999
 2104.5      2117.389893 2107.780029 2098.530029 2101.040039 2071.26001
 2079.429932 2044.160034 2040.23999  2065.949951 2053.399902 2081.189941
 2074.280029 2099.5      2089.27002  2108.100098 2104.419922 2091.5
 2061.050049 2056.149902 2061.02002  2086.23999  2067.889893 2059.689941
 2066.959961 2076.330078 2081.899902 2091.179932 2102.060059 2092.429932
 2095.840088 2106.629883 2104.98999  2081.179932 2100.399902 2097.290039
 2107.959961 2112.929932 2117.689941 2108.919922 2114.76001  2106.850098
 2085.51001  2108.290039 2089.459961 2080.149902 2088.       2116.100098
 2105.330078 2099.120117 2098.47998  2121.100098 2122.72998  2129.199951
 2127.830078 2125.850098 2130.820068 2126.060059 2104.199951 2123.47998
 2120.790039 2107.389893 2111.72998  2109.600098 2114.070068 2095.840088
 2092.830078 2079.280029 2080.149902 2105.199951 2108.860107 2094.110107
 2084.429932 2096.290039 2100.439941 2121.23999  2109.98999  2122.850098
 2124.199951 2108.580078 2102.310059 2101.48999  2057.639893 2063.110107
 2077.419922 2076.780029 2068.76001  2081.340088 2046.680054 2051.310059
 2076.620117 2099.600098 2108.949951 2107.399902 2124.290039 2126.639893
 2128.280029 2119.209961 2114.149902 2102.149902 2079.649902 2067.639893
 2093.25     2108.570068 2108.629883 2103.840088 2098.040039 2093.320068
 2099.840088 2083.560059 2077.570068 2104.179932 2084.070068 2086.050049
 2083.389893 2091.540039 2102.439941 2096.919922 2079.610107 2035.72998
 1970.890015 1893.209961 1867.609985 1940.51001  1987.660034 1988.869995
 1913.849976 1948.859985 1951.130005 1921.219971 1969.410034 1942.040039
 1952.290039 1961.050049 1953.030029 1978.089966 1995.310059 1990.199951
 1958.030029 1966.969971 1942.73999  1938.76001  1932.23999  1931.339966
 1881.77002  1884.089966 1920.030029 1923.819946 1951.359985 1987.050049
 1979.920044 1995.829956 2013.430054 2014.890015 2017.459961 2003.689941
 1994.23999  2023.859985 2033.109985 2033.660034 2030.77002  2018.939941
 2052.51001  2075.149902 2071.179932 2065.889893 2090.350098 2089.409912
 2079.360107 2104.050049 2109.790039 2102.310059 2099.929932 2099.199951
 2078.580078 2081.719971 2075.       2045.969971 2023.040039 2053.189941
 2050.439941 2083.580078 2081.23999  2089.169922 2086.590088 2089.139893
 2088.870117 2090.110107 2080.409912 2102.629883 2079.51001  2049.620117
 2091.689941 2077.070068 2063.590088 2047.619995 2052.22998  2012.369995
 2021.939941 2043.410034 2073.070068 2041.890015 2005.550049 2021.150024
 2038.969971 2064.290039 2060.98999  2078.360107 2063.360107 2043.939941
 2012.660034 2016.709961 1990.26001  1943.089966 1922.030029 1923.670044
 1938.680054 1890.280029 1921.839966 1880.329956 1881.329956 1859.329956
 1868.98999  1906.900024 1877.079956 1903.630005 1882.949951 1893.359985
 1940.23999  1939.380005 1903.030029 1912.530029 1915.449951 1880.050049
 1853.439941 1852.209961 1851.859985 1829.079956 1864.780029 1895.579956
 1926.819946 1917.829956 1917.780029 1945.5      1921.27002  1929.800049
 1951.699951 1948.050049 1932.22998  1978.349976 1986.449951 1993.400024
 1999.98999  2001.76001  1979.26001  1989.26001  1989.569946 2022.189941
 2019.640015 2015.930054 2027.219971 2040.589966 2049.580078 2051.600098
 2049.800049 2036.709961 2035.939941 2055.01001  2063.949951 2059.73999
 2072.780029 2066.129883 2045.170044 2066.659912 2041.910034 2047.599976
 2041.98999  2061.719971 2082.419922 2082.780029 2080.72998  2094.340088
 2100.800049 2102.399902 2091.47998  2091.580078 2087.790039 2091.699951
 2095.149902 2075.810059 2065.300049 2063.370117 2051.120117 2050.629883
 2057.139893 2058.689941 2084.389893 2064.459961 2064.110107 2046.609985
 2066.659912 2047.209961 2047.630005 2040.040039 2052.320068 2048.040039
 2076.060059 2090.540039 2090.100098 2099.060059 2096.949951 2099.330078
 2105.26001  2099.129883 2109.409912 2112.129883 2119.120117 2115.47998
 2096.070068 2079.060059 2075.320068 2071.5      2077.98999  2071.219971
 2083.25     2088.899902 2085.449951 2113.320068 2037.410034 2000.540039
 2036.089966 2070.77002  2098.860107 2102.949951 2088.550049 2099.72998
 2097.899902 2129.899902 2137.159912 2152.139893 2152.429932 2163.75
 2161.73999  2166.889893 2163.780029 2173.02002  2165.169922 2175.030029
 2168.47998  2169.179932 2166.580078 2170.060059 2173.600098 2170.840088
 2157.030029 2163.790039 2164.25     2182.870117 2180.889893 2181.73999
 2175.48999  2185.790039 2184.050049 2190.149902 2178.149902 2182.219971
 2187.02002  2183.870117 2182.639893 2186.899902 2175.439941 2172.469971
 2169.040039 2176.120117 2170.949951 2170.860107 2179.97998  2186.47998
 2186.159912 2181.300049 2127.810059 2159.040039 2127.02002  2125.77002
 2147.26001  2139.159912 2139.120117 2139.76001  2163.120117 2177.179932
 2164.689941 2146.100098 2159.929932 2171.370117 2151.129883 2168.27002
 2161.199951 2150.48999  2159.72998  2160.77002  2153.73999  2163.659912
 2136.72998  2139.179932 2132.550049 2132.97998  2126.5      2139.600098
 2144.290039 2141.340088 2141.159912 2151.330078 2143.159912 2139.429932
 2133.040039 2126.409912 2126.149902 2111.719971 2097.939941 2088.659912
 2085.179932 2131.52002  2139.560059 2163.26001  2167.47998  2164.449951
 2164.199951 2180.389893 2176.939941 2187.120117 2181.899902 2198.179932
 2202.939941 2204.719971 2213.350098 2201.719971 2204.659912 2198.810059
 2191.080078 2191.949951 2204.709961 2212.22998  2241.350098 2246.189941
 2259.530029 2256.959961 2271.719971 2253.280029 2262.030029 2258.070068
 2262.530029 2270.76001  2265.179932 2260.959961 2263.790039 2249.919922
 2249.26001  2238.830078]
